0.000000000000000000e+00 1.420410555555555902e+03
5.000000000000000000e-01 1.427210000000000491e+03
1.000000000000000000e+00 1.432080000000000155e+03
1.500000000000000000e+00 1.433135555555555811e+03
2.000000000000000000e+00 1.429272222222222581e+03
2.500000000000000000e+00 1.428000925925925912e+03
3.000000000000000000e+00 1.429927777777777919e+03
3.500000000000000000e+00 1.430469814814814981e+03
4.000000000000000000e+00 1.429730740740740885e+03
4.500000000000000000e+00 1.430816851851852107e+03
5.000000000000000000e+00 1.429711851851852089e+03
5.500000000000000000e+00 1.428857962962963029e+03
6.000000000000000000e+00 1.429345555555555620e+03
6.500000000000000000e+00 1.427015000000000327e+03
7.000000000000000000e+00 1.427005370370370883e+03
7.500000000000000000e+00 1.430423518518518904e+03
8.000000000000000000e+00 1.429475185185185410e+03
8.500000000000000000e+00 1.428834259259259625e+03
9.000000000000000000e+00 1.430307037037037162e+03
9.500000000000000000e+00 1.428621111111111304e+03
1.000000000000000000e+01 1.426434629629630081e+03
1.050000000000000000e+01 1.426710000000000491e+03
1.100000000000000000e+01 1.430253333333333558e+03
1.150000000000000000e+01 1.433087777777777774e+03
1.200000000000000000e+01 1.430591296296296605e+03
1.250000000000000000e+01 1.427902037037037189e+03
1.300000000000000000e+01 1.426434629629630081e+03
1.350000000000000000e+01 1.429202777777778010e+03
1.400000000000000000e+01 1.429509629629629671e+03
1.450000000000000000e+01 1.431260370370370310e+03
1.500000000000000000e+01 1.428361851851851952e+03
1.550000000000000000e+01 1.430450740740740912e+03
1.600000000000000000e+01 1.431368703703704114e+03
1.650000000000000000e+01 1.431021111111111395e+03
1.700000000000000000e+01 1.429201851851852098e+03
1.750000000000000000e+01 1.430680185185185110e+03
1.800000000000000000e+01 1.427550370370370501e+03
1.850000000000000000e+01 1.431637592592592910e+03
1.900000000000000000e+01 1.432444629629629617e+03
1.950000000000000000e+01 1.430336666666666815e+03
2.000000000000000000e+01 1.429041851851852016e+03
2.050000000000000000e+01 1.425970370370370574e+03
2.100000000000000000e+01 1.430047777777778037e+03
2.150000000000000000e+01 1.430070185185185210e+03
2.200000000000000000e+01 1.429527037037037189e+03
2.250000000000000000e+01 1.431000555555555820e+03
2.300000000000000000e+01 1.427118148148148293e+03
2.350000000000000000e+01 1.430480740740741112e+03
2.400000000000000000e+01 1.428874259259259361e+03
2.450000000000000000e+01 1.429002222222222372e+03
2.500000000000000000e+01 1.429721111111111213e+03
2.550000000000000000e+01 1.429990185185185283e+03
2.600000000000000000e+01 1.431259259259259579e+03
2.650000000000000000e+01 1.429445370370370483e+03
2.700000000000000000e+01 1.423952407407407691e+03
2.750000000000000000e+01 1.427141851851852152e+03
2.800000000000000000e+01 1.430420925925926213e+03
2.850000000000000000e+01 1.430503333333333103e+03
2.900000000000000000e+01 1.432081851851852207e+03
2.950000000000000000e+01 1.428907037037037298e+03
3.000000000000000000e+01 1.430100740740741003e+03
3.050000000000000000e+01 1.429992962962963020e+03
3.100000000000000000e+01 1.431724259259259497e+03
3.150000000000000000e+01 1.429014814814814827e+03
3.200000000000000000e+01 1.431275185185185364e+03
3.250000000000000000e+01 1.432062037037037271e+03
3.300000000000000000e+01 1.429855370370370338e+03
3.350000000000000000e+01 1.431677592592592646e+03
3.400000000000000000e+01 1.431284444444444716e+03
3.450000000000000000e+01 1.429944629629629844e+03
3.500000000000000000e+01 1.430875925925925912e+03
3.550000000000000000e+01 1.430374259259259361e+03
3.600000000000000000e+01 1.430354444444444880e+03
3.650000000000000000e+01 1.430562962962962956e+03
3.700000000000000000e+01 1.429775555555555684e+03
3.750000000000000000e+01 1.427793333333333521e+03
3.800000000000000000e+01 1.429092777777778110e+03
3.850000000000000000e+01 1.430091851851851970e+03
3.900000000000000000e+01 1.428442592592592746e+03
3.950000000000000000e+01 1.427818703703703932e+03
4.000000000000000000e+01 1.432704074074074242e+03
4.050000000000000000e+01 1.430399814814814818e+03
4.100000000000000000e+01 1.427510185185185264e+03
4.150000000000000000e+01 1.427990185185185283e+03
4.200000000000000000e+01 1.427345370370370574e+03
4.250000000000000000e+01 1.428365555555555602e+03
4.300000000000000000e+01 1.427242222222222381e+03
4.350000000000000000e+01 1.426821666666666943e+03
4.400000000000000000e+01 1.427677222222222554e+03
4.450000000000000000e+01 1.429883888888889032e+03
4.500000000000000000e+01 1.425541296296296423e+03
4.550000000000000000e+01 1.429967037037037244e+03
4.600000000000000000e+01 1.430988518518518504e+03
4.650000000000000000e+01 1.429823333333333267e+03
4.700000000000000000e+01 1.430433703703703941e+03
4.750000000000000000e+01 1.427112777777778092e+03
4.800000000000000000e+01 1.429224814814814863e+03
4.850000000000000000e+01 1.429184074074074488e+03
4.900000000000000000e+01 1.428752777777777965e+03
4.950000000000000000e+01 1.431759629629629671e+03
5.000000000000000000e+01 1.430622037037036989e+03
5.050000000000000000e+01 1.427366111111111195e+03
5.100000000000000000e+01 1.429825925925926185e+03
5.150000000000000000e+01 1.430965185185185419e+03
5.200000000000000000e+01 1.428139444444444507e+03
5.250000000000000000e+01 1.429271296296296441e+03
5.300000000000000000e+01 1.429383148148148393e+03
5.350000000000000000e+01 1.428872962962962902e+03
5.400000000000000000e+01 1.427110370370370902e+03
5.450000000000000000e+01 1.426987962962963138e+03
5.500000000000000000e+01 1.428950000000000045e+03
5.550000000000000000e+01 1.430189259259259416e+03
5.600000000000000000e+01 1.428035000000000082e+03
5.650000000000000000e+01 1.426488333333333685e+03
5.700000000000000000e+01 1.429967407407407791e+03
5.750000000000000000e+01 1.429846666666666806e+03
5.800000000000000000e+01 1.428007962962963120e+03
5.850000000000000000e+01 1.428527407407407509e+03
5.900000000000000000e+01 1.428781111111111159e+03
5.950000000000000000e+01 1.428540370370370510e+03
6.000000000000000000e+01 1.430674259259259088e+03
6.050000000000000000e+01 1.430562037037037271e+03
6.100000000000000000e+01 1.429985740740740994e+03
6.150000000000000000e+01 1.429732222222222390e+03
6.200000000000000000e+01 1.429949074074074360e+03
6.250000000000000000e+01 1.429736111111111313e+03
6.300000000000000000e+01 1.428265370370370647e+03
6.350000000000000000e+01 1.426033518518518576e+03
6.400000000000000000e+01 1.430391666666666879e+03
6.450000000000000000e+01 1.430473888888888951e+03
6.500000000000000000e+01 1.429629074074074197e+03
6.550000000000000000e+01 1.429712592592592728e+03
6.600000000000000000e+01 1.429689629629629508e+03
6.650000000000000000e+01 1.430668518518518567e+03
6.700000000000000000e+01 1.430628333333333558e+03
6.750000000000000000e+01 1.429047222222222445e+03
6.800000000000000000e+01 1.428327592592592509e+03
6.850000000000000000e+01 1.431074629629629499e+03
6.900000000000000000e+01 1.428588703703703686e+03
6.950000000000000000e+01 1.426759074074074306e+03
7.000000000000000000e+01 1.431502037037037098e+03
7.050000000000000000e+01 1.430434444444444580e+03
7.100000000000000000e+01 1.429767592592592791e+03
7.150000000000000000e+01 1.427867222222222381e+03
7.200000000000000000e+01 1.428935740740740812e+03
7.250000000000000000e+01 1.429376481481481505e+03
7.300000000000000000e+01 1.428159444444444489e+03
7.350000000000000000e+01 1.427084444444444898e+03
7.400000000000000000e+01 1.428675555555555547e+03
7.450000000000000000e+01 1.430551666666666961e+03
7.500000000000000000e+01 1.430218888888889069e+03
7.550000000000000000e+01 1.429583888888888850e+03
7.600000000000000000e+01 1.431849999999999909e+03
7.650000000000000000e+01 1.427423148148148357e+03
7.700000000000000000e+01 1.429455185185185201e+03
7.750000000000000000e+01 1.430560370370370492e+03
7.800000000000000000e+01 1.429112592592592591e+03
7.850000000000000000e+01 1.428160000000000082e+03
7.900000000000000000e+01 1.428832962962963165e+03
7.950000000000000000e+01 1.429269444444444616e+03
8.000000000000000000e+01 1.429376851851852052e+03
8.050000000000000000e+01 1.431188518518518777e+03
8.100000000000000000e+01 1.427899814814815045e+03
8.150000000000000000e+01 1.428426111111111140e+03
8.200000000000000000e+01 1.429156481481481705e+03
8.250000000000000000e+01 1.428740740740740875e+03
8.300000000000000000e+01 1.429679259259259197e+03
8.350000000000000000e+01 1.432071111111111122e+03
8.400000000000000000e+01 1.428285740740740721e+03
8.450000000000000000e+01 1.427856851851852070e+03
8.500000000000000000e+01 1.426365740740740875e+03
8.550000000000000000e+01 1.426425185185185228e+03
8.600000000000000000e+01 1.429066111111111240e+03
8.650000000000000000e+01 1.430305000000000064e+03
8.700000000000000000e+01 1.431109074074074215e+03
8.750000000000000000e+01 1.427888518518518822e+03
8.800000000000000000e+01 1.430119259259259252e+03
8.850000000000000000e+01 1.429724444444444316e+03
8.900000000000000000e+01 1.430552592592592646e+03
8.950000000000000000e+01 1.430540185185185692e+03
9.000000000000000000e+01 1.430500000000000227e+03
9.050000000000000000e+01 1.429052037037037280e+03
9.100000000000000000e+01 1.426539814814815145e+03
9.150000000000000000e+01 1.427827962962963284e+03
9.200000000000000000e+01 1.428463148148148321e+03
9.250000000000000000e+01 1.427579444444444334e+03
9.300000000000000000e+01 1.427912222222222454e+03
9.350000000000000000e+01 1.430409629629629762e+03
9.400000000000000000e+01 1.431269629629629662e+03
9.450000000000000000e+01 1.432755740740740748e+03
9.500000000000000000e+01 1.432157407407407391e+03
9.550000000000000000e+01 1.429318703703703932e+03
9.600000000000000000e+01 1.427698703703703814e+03
9.650000000000000000e+01 1.427640925925926012e+03
9.700000000000000000e+01 1.430519814814814936e+03
9.750000000000000000e+01 1.428376851851852507e+03
9.800000000000000000e+01 1.429969074074074342e+03
9.850000000000000000e+01 1.430027962962963102e+03
9.900000000000000000e+01 1.429396111111111168e+03
9.950000000000000000e+01 1.429084074074074351e+03
1.000000000000000000e+02 1.429877592592592919e+03
1.005000000000000000e+02 1.428840370370370692e+03
1.010000000000000000e+02 1.427227222222222508e+03
1.015000000000000000e+02 1.428048333333333630e+03
1.020000000000000000e+02 1.431338518518518867e+03
1.025000000000000000e+02 1.427016666666666879e+03
1.030000000000000000e+02 1.427417962962962974e+03
1.035000000000000000e+02 1.429701666666666824e+03
1.040000000000000000e+02 1.429639814814814827e+03
1.045000000000000000e+02 1.426604629629629699e+03
1.050000000000000000e+02 1.427859814814814854e+03
1.055000000000000000e+02 1.426260925925925903e+03
1.060000000000000000e+02 1.430625370370370320e+03
1.065000000000000000e+02 1.431989814814814963e+03
1.070000000000000000e+02 1.427404629629629653e+03
1.075000000000000000e+02 1.431082407407407572e+03
1.080000000000000000e+02 1.431808888888888987e+03
1.085000000000000000e+02 1.427409629629629762e+03
1.090000000000000000e+02 1.429184629629630081e+03
1.095000000000000000e+02 1.429258703703703986e+03
1.100000000000000000e+02 1.431007962962963120e+03
1.105000000000000000e+02 1.430472222222222399e+03
1.110000000000000000e+02 1.431579814814815109e+03
1.115000000000000000e+02 1.430933148148148348e+03
1.120000000000000000e+02 1.431668333333333521e+03
1.125000000000000000e+02 1.432100740740740775e+03
1.130000000000000000e+02 1.430503703703703650e+03
1.135000000000000000e+02 1.427018518518518704e+03
1.140000000000000000e+02 1.426105925925926158e+03
1.145000000000000000e+02 1.427333333333333712e+03
1.150000000000000000e+02 1.427569074074074479e+03
1.155000000000000000e+02 1.429748333333333449e+03
1.160000000000000000e+02 1.428233148148148302e+03
1.165000000000000000e+02 1.427677777777777919e+03
1.170000000000000000e+02 1.427716666666666924e+03
1.175000000000000000e+02 1.430109259259259488e+03
1.180000000000000000e+02 1.428654074074074288e+03
1.185000000000000000e+02 1.428122962962963129e+03
1.190000000000000000e+02 1.428737592592592819e+03
1.195000000000000000e+02 1.432572592592592855e+03
1.200000000000000000e+02 1.431349259259259497e+03
1.205000000000000000e+02 1.429592407407407563e+03
1.210000000000000000e+02 1.430808888888888987e+03
1.215000000000000000e+02 1.428713703703703914e+03
1.220000000000000000e+02 1.428138888888888914e+03
1.225000000000000000e+02 1.428915555555555784e+03
1.230000000000000000e+02 1.430742962962963020e+03
1.235000000000000000e+02 1.427910555555555675e+03
1.240000000000000000e+02 1.428401666666666642e+03
1.245000000000000000e+02 1.430475925925925822e+03
1.250000000000000000e+02 1.429891111111111513e+03
1.255000000000000000e+02 1.430714999999999918e+03
1.260000000000000000e+02 1.428044629629629753e+03
1.265000000000000000e+02 1.431682592592592755e+03
1.270000000000000000e+02 1.431549444444444589e+03
1.275000000000000000e+02 1.428916851851851789e+03
1.280000000000000000e+02 1.428874444444444634e+03
1.285000000000000000e+02 1.430231666666666797e+03
1.290000000000000000e+02 1.429090555555555511e+03
1.295000000000000000e+02 1.429873148148148175e+03
1.300000000000000000e+02 1.429315925925926194e+03
1.305000000000000000e+02 1.426352037037037235e+03
1.310000000000000000e+02 1.425979444444444880e+03
1.315000000000000000e+02 1.427659259259259443e+03
1.320000000000000000e+02 1.430047037037037171e+03
1.325000000000000000e+02 1.429207222222222299e+03
1.330000000000000000e+02 1.427626666666666779e+03
1.335000000000000000e+02 1.428327962962963284e+03
1.340000000000000000e+02 1.430771481481481487e+03
1.345000000000000000e+02 1.428448148148148221e+03
1.350000000000000000e+02 1.430439259259259643e+03
1.355000000000000000e+02 1.430252592592592464e+03
1.360000000000000000e+02 1.428149814814815045e+03
1.365000000000000000e+02 1.432773888888888905e+03
1.370000000000000000e+02 1.429721851851852080e+03
1.375000000000000000e+02 1.429663888888889005e+03
1.380000000000000000e+02 1.428358703703703895e+03
1.385000000000000000e+02 1.426587962962963275e+03
1.390000000000000000e+02 1.426867962962963247e+03
1.395000000000000000e+02 1.428790740740741057e+03
1.400000000000000000e+02 1.429469629629629708e+03
1.405000000000000000e+02 1.429917222222222335e+03
1.410000000000000000e+02 1.429289074074074506e+03
1.415000000000000000e+02 1.429654629629629653e+03
1.420000000000000000e+02 1.429287962962963093e+03
1.425000000000000000e+02 1.430389629629629781e+03
1.430000000000000000e+02 1.432191481481481560e+03
1.435000000000000000e+02 1.430643703703703522e+03
1.440000000000000000e+02 1.430782777777777937e+03
1.445000000000000000e+02 1.430994444444444298e+03
1.450000000000000000e+02 1.431013518518518822e+03
1.455000000000000000e+02 1.429203518518518649e+03
1.460000000000000000e+02 1.428829814814815109e+03
1.465000000000000000e+02 1.427483703703703895e+03
1.470000000000000000e+02 1.427014444444444734e+03
1.475000000000000000e+02 1.429562407407407591e+03
1.480000000000000000e+02 1.431687777777777910e+03
1.485000000000000000e+02 1.430635555555555584e+03
1.490000000000000000e+02 1.428473333333333358e+03
1.495000000000000000e+02 1.428629259259259243e+03
1.500000000000000000e+02 1.430018518518518704e+03
1.505000000000000000e+02 1.428823888888888860e+03
1.510000000000000000e+02 1.431059444444444580e+03
1.515000000000000000e+02 1.427767407407407518e+03
1.520000000000000000e+02 1.428495740740740985e+03
1.525000000000000000e+02 1.430461666666666815e+03
1.530000000000000000e+02 1.429223703703703904e+03
1.535000000000000000e+02 1.429361111111111313e+03
1.540000000000000000e+02 1.429546481481481806e+03
1.545000000000000000e+02 1.432708703703703804e+03
1.550000000000000000e+02 1.430282592592592891e+03
1.555000000000000000e+02 1.429230185185185292e+03
1.560000000000000000e+02 1.430036851851851907e+03
1.565000000000000000e+02 1.429834444444444898e+03
1.570000000000000000e+02 1.431122222222222490e+03
1.575000000000000000e+02 1.432431111111111704e+03
1.580000000000000000e+02 1.429891851851852152e+03
1.585000000000000000e+02 1.429572407407407582e+03
1.590000000000000000e+02 1.429481851851852070e+03
1.595000000000000000e+02 1.427283703703703850e+03
1.600000000000000000e+02 1.432081296296296614e+03
1.605000000000000000e+02 1.428636851851852043e+03
1.610000000000000000e+02 1.429156666666666752e+03
1.615000000000000000e+02 1.428692962962963065e+03
1.620000000000000000e+02 1.431806111111111250e+03
1.625000000000000000e+02 1.431776111111111277e+03
1.630000000000000000e+02 1.430349259259259497e+03
1.635000000000000000e+02 1.427348333333333358e+03
1.640000000000000000e+02 1.428450370370370592e+03
1.645000000000000000e+02 1.424939444444444462e+03
1.650000000000000000e+02 1.433527222222222235e+03
1.655000000000000000e+02 1.430346296296296487e+03
1.660000000000000000e+02 1.428649814814814818e+03
1.665000000000000000e+02 1.428187407407407363e+03
1.670000000000000000e+02 1.427921296296296305e+03
1.675000000000000000e+02 1.428703888888889196e+03
1.680000000000000000e+02 1.426614444444444644e+03
1.685000000000000000e+02 1.425716851851851516e+03
1.690000000000000000e+02 1.430359444444444762e+03
1.695000000000000000e+02 1.429190185185185101e+03
1.700000000000000000e+02 1.428834814814814990e+03
1.705000000000000000e+02 1.433079074074074242e+03
1.710000000000000000e+02 1.429728518518518513e+03
1.715000000000000000e+02 1.429110740740740994e+03
1.720000000000000000e+02 1.429542037037037062e+03
1.725000000000000000e+02 1.429868148148148066e+03
1.730000000000000000e+02 1.430373888888888814e+03
1.735000000000000000e+02 1.429074259259259406e+03
1.740000000000000000e+02 1.429514444444444507e+03
1.745000000000000000e+02 1.430909259259259443e+03
1.750000000000000000e+02 1.432464999999999918e+03
1.755000000000000000e+02 1.429604814814814972e+03
1.760000000000000000e+02 1.432463333333333367e+03
1.765000000000000000e+02 1.429820555555555529e+03
1.770000000000000000e+02 1.428855925925925931e+03
1.775000000000000000e+02 1.428546111111111031e+03
1.780000000000000000e+02 1.428245925925926031e+03
1.785000000000000000e+02 1.428678333333333512e+03
1.790000000000000000e+02 1.430423333333333403e+03
1.795000000000000000e+02 1.429150555555555911e+03
1.800000000000000000e+02 1.431146296296296896e+03
1.805000000000000000e+02 1.430932777777778028e+03
1.810000000000000000e+02 1.433989814814814963e+03
1.815000000000000000e+02 1.429987777777778092e+03
1.820000000000000000e+02 1.427615555555555829e+03
1.825000000000000000e+02 1.428781111111111386e+03
1.830000000000000000e+02 1.429935740740740812e+03
1.835000000000000000e+02 1.428909629629629762e+03
1.840000000000000000e+02 1.430812037037037271e+03
1.845000000000000000e+02 1.430789999999999964e+03
1.850000000000000000e+02 1.430627037037037098e+03
1.855000000000000000e+02 1.429447962962962947e+03
1.860000000000000000e+02 1.430088518518518640e+03
1.865000000000000000e+02 1.430310555555555766e+03
1.870000000000000000e+02 1.432172222222222445e+03
1.875000000000000000e+02 1.435061481481481678e+03
1.880000000000000000e+02 1.433158333333333530e+03
1.885000000000000000e+02 1.429679259259259197e+03
1.890000000000000000e+02 1.428827592592592737e+03
1.895000000000000000e+02 1.427683703703703713e+03
1.900000000000000000e+02 1.427208148148148211e+03
1.905000000000000000e+02 1.430145185185185710e+03
1.910000000000000000e+02 1.430355925925925931e+03
1.915000000000000000e+02 1.431300185185185683e+03
1.920000000000000000e+02 1.428815370370370601e+03
1.925000000000000000e+02 1.426715185185185419e+03
1.930000000000000000e+02 1.433959629629629944e+03
1.935000000000000000e+02 1.427968518518518749e+03
1.940000000000000000e+02 1.427628333333333558e+03
1.945000000000000000e+02 1.430982962962963029e+03
1.950000000000000000e+02 1.430652222222222235e+03
1.955000000000000000e+02 1.431103333333333694e+03
1.960000000000000000e+02 1.429372592592592810e+03
1.965000000000000000e+02 1.426865925925925922e+03
1.970000000000000000e+02 1.430595925925926167e+03
1.975000000000000000e+02 1.429016111111111513e+03
1.980000000000000000e+02 1.428961296296296496e+03
1.985000000000000000e+02 1.432371296296296578e+03
1.990000000000000000e+02 1.429096851851852080e+03
1.995000000000000000e+02 1.430271851851852034e+03
2.000000000000000000e+02 1.427769259259259115e+03
2.005000000000000000e+02 1.428145000000000209e+03
2.010000000000000000e+02 1.431156111111111159e+03
2.015000000000000000e+02 1.432491111111111422e+03
2.020000000000000000e+02 1.429253703703704105e+03
2.025000000000000000e+02 1.428734444444444307e+03
2.030000000000000000e+02 1.429611666666666906e+03
2.035000000000000000e+02 1.427375555555555593e+03
2.040000000000000000e+02 1.426417222222222335e+03
2.045000000000000000e+02 1.428085000000000491e+03
2.050000000000000000e+02 1.430514814814815054e+03
2.055000000000000000e+02 1.428792222222222335e+03
2.060000000000000000e+02 1.427494074074074206e+03
2.065000000000000000e+02 1.429387777777777501e+03
2.070000000000000000e+02 1.428081666666666933e+03
2.075000000000000000e+02 1.428382962962963120e+03
2.080000000000000000e+02 1.427454074074074242e+03
2.085000000000000000e+02 1.427486851851851952e+03
2.090000000000000000e+02 1.426073148148148221e+03
2.095000000000000000e+02 1.426404259259259106e+03
2.100000000000000000e+02 1.424046851851851898e+03
2.105000000000000000e+02 1.424759814814814945e+03
2.110000000000000000e+02 1.423810555555555538e+03
2.115000000000000000e+02 1.421823148148148221e+03
2.120000000000000000e+02 1.421806481481481569e+03
2.125000000000000000e+02 1.422498333333333449e+03
2.130000000000000000e+02 1.423917407407407609e+03
2.135000000000000000e+02 1.419369259259259252e+03
2.140000000000000000e+02 1.418452777777778010e+03
2.145000000000000000e+02 1.419074629629629499e+03
2.150000000000000000e+02 1.416911111111111268e+03
2.155000000000000000e+02 1.414782222222222344e+03
2.160000000000000000e+02 1.411352777777778101e+03
2.165000000000000000e+02 1.412623888888889041e+03
2.170000000000000000e+02 1.410417962962963202e+03
2.175000000000000000e+02 1.409997592592592810e+03
2.180000000000000000e+02 1.406999259259259361e+03
2.185000000000000000e+02 1.409726851851852189e+03
2.190000000000000000e+02 1.403710555555555629e+03
2.195000000000000000e+02 1.400750000000000000e+03
2.200000000000000000e+02 1.399544074074074160e+03
2.205000000000000000e+02 1.400361111111111313e+03
2.210000000000000000e+02 1.394008333333333667e+03
2.215000000000000000e+02 1.392867222222222381e+03
2.220000000000000000e+02 1.392935000000000400e+03
2.225000000000000000e+02 1.391672407407407491e+03
2.230000000000000000e+02 1.388663333333333412e+03
2.235000000000000000e+02 1.387367592592592700e+03
2.240000000000000000e+02 1.384724074074074224e+03
2.245000000000000000e+02 1.382100185185185410e+03
2.250000000000000000e+02 1.381874814814814727e+03
2.255000000000000000e+02 1.378336296296296496e+03
2.260000000000000000e+02 1.374843703703704023e+03
2.265000000000000000e+02 1.373757592592592573e+03
2.270000000000000000e+02 1.372672222222222217e+03
2.275000000000000000e+02 1.371838148148148321e+03
2.280000000000000000e+02 1.366795000000000073e+03
2.285000000000000000e+02 1.363451481481481778e+03
2.290000000000000000e+02 1.360873148148148402e+03
2.295000000000000000e+02 1.358321296296296396e+03
2.300000000000000000e+02 1.359287222222222454e+03
2.305000000000000000e+02 1.359396481481481487e+03
2.310000000000000000e+02 1.357634629629629671e+03
2.315000000000000000e+02 1.354679259259259425e+03
2.320000000000000000e+02 1.353435740740740812e+03
2.325000000000000000e+02 1.349462222222222408e+03
2.330000000000000000e+02 1.346122222222222490e+03
2.335000000000000000e+02 1.348242222222222381e+03
2.340000000000000000e+02 1.344714444444444553e+03
2.345000000000000000e+02 1.342994444444444753e+03
2.350000000000000000e+02 1.341922592592592309e+03
2.355000000000000000e+02 1.340539074074074506e+03
2.360000000000000000e+02 1.339251481481481505e+03
2.365000000000000000e+02 1.337197777777777901e+03
2.370000000000000000e+02 1.332343148148148202e+03
2.375000000000000000e+02 1.334921851851851898e+03
2.380000000000000000e+02 1.334407222222222344e+03
2.385000000000000000e+02 1.333842592592592609e+03
2.390000000000000000e+02 1.333115740740740875e+03
2.395000000000000000e+02 1.331765740740740739e+03
2.400000000000000000e+02 1.331425555555555775e+03
2.405000000000000000e+02 1.330159259259259443e+03
2.410000000000000000e+02 1.329953148148148330e+03
2.415000000000000000e+02 1.323988333333333685e+03
2.420000000000000000e+02 1.324916296296296423e+03
2.425000000000000000e+02 1.325354259259259379e+03
2.430000000000000000e+02 1.321460370370370583e+03
2.435000000000000000e+02 1.321712407407407682e+03
2.440000000000000000e+02 1.324838703703703914e+03
2.445000000000000000e+02 1.325248518518518722e+03
2.450000000000000000e+02 1.321840740740740785e+03
2.455000000000000000e+02 1.322300555555555775e+03
2.460000000000000000e+02 1.322913703703703959e+03
2.465000000000000000e+02 1.322053703703703832e+03
2.470000000000000000e+02 1.324406296296296432e+03
2.475000000000000000e+02 1.322416666666666742e+03
2.480000000000000000e+02 1.317423148148148357e+03
2.485000000000000000e+02 1.316229259259259379e+03
2.490000000000000000e+02 1.316358518518518849e+03
2.495000000000000000e+02 1.317812037037037044e+03
2.500000000000000000e+02 1.320570185185185437e+03
2.505000000000000000e+02 1.320235555555555493e+03
2.510000000000000000e+02 1.320565740740740921e+03
2.515000000000000000e+02 1.321539074074074506e+03
2.520000000000000000e+02 1.318482222222222390e+03
2.525000000000000000e+02 1.319197037037037262e+03
2.530000000000000000e+02 1.317857962962963256e+03
2.535000000000000000e+02 1.320510555555555584e+03
2.540000000000000000e+02 1.321102777777778101e+03
2.545000000000000000e+02 1.320123888888888814e+03
2.550000000000000000e+02 1.322486296296296587e+03
2.555000000000000000e+02 1.319713333333333367e+03
2.560000000000000000e+02 1.320445185185185437e+03
2.565000000000000000e+02 1.321534259259259443e+03
2.570000000000000000e+02 1.322499074074074088e+03
2.575000000000000000e+02 1.320850555555555502e+03
2.580000000000000000e+02 1.320241111111111195e+03
2.585000000000000000e+02 1.317588888888888960e+03
2.590000000000000000e+02 1.315233518518518849e+03
2.595000000000000000e+02 1.319186296296296405e+03
2.600000000000000000e+02 1.318994999999999891e+03
2.605000000000000000e+02 1.318207592592592846e+03
2.610000000000000000e+02 1.319360555555555493e+03
2.615000000000000000e+02 1.320468333333333703e+03
2.620000000000000000e+02 1.322811111111111359e+03
2.625000000000000000e+02 1.323791481481481696e+03
2.630000000000000000e+02 1.321589999999999918e+03
2.635000000000000000e+02 1.322079629629629835e+03
2.640000000000000000e+02 1.319618888888889160e+03
2.645000000000000000e+02 1.320763333333333094e+03
2.650000000000000000e+02 1.320212037037037135e+03
2.655000000000000000e+02 1.320715185185185192e+03
2.660000000000000000e+02 1.320407222222222344e+03
2.665000000000000000e+02 1.320265185185185146e+03
2.670000000000000000e+02 1.322469074074074342e+03
2.675000000000000000e+02 1.319445555555555757e+03
2.680000000000000000e+02 1.318421296296296305e+03
2.685000000000000000e+02 1.319242592592592700e+03
2.690000000000000000e+02 1.317443333333333385e+03
2.695000000000000000e+02 1.317470925925925940e+03
2.700000000000000000e+02 1.314483888888889169e+03
2.705000000000000000e+02 1.317042777777777928e+03
2.710000000000000000e+02 1.320912962962963093e+03
2.715000000000000000e+02 1.318061481481481678e+03
2.720000000000000000e+02 1.316917222222222335e+03
2.725000000000000000e+02 1.317110740740740766e+03
2.730000000000000000e+02 1.317433333333333394e+03
2.735000000000000000e+02 1.319952962962963056e+03
2.740000000000000000e+02 1.317615185185185510e+03
2.745000000000000000e+02 1.317990370370370556e+03
2.750000000000000000e+02 1.318764814814815054e+03
2.755000000000000000e+02 1.322171851851851898e+03
2.760000000000000000e+02 1.322492037037037107e+03
2.765000000000000000e+02 1.321534814814814808e+03
2.770000000000000000e+02 1.321736666666666906e+03
2.775000000000000000e+02 1.318153888888889242e+03
2.780000000000000000e+02 1.319390740740740966e+03
2.785000000000000000e+02 1.320315740740740921e+03
2.790000000000000000e+02 1.320276481481481596e+03
2.795000000000000000e+02 1.320078148148148330e+03
2.800000000000000000e+02 1.319171296296296305e+03
2.805000000000000000e+02 1.321901666666666642e+03
2.810000000000000000e+02 1.320707592592592846e+03
2.815000000000000000e+02 1.319386851851851816e+03
2.820000000000000000e+02 1.317239259259259370e+03
2.825000000000000000e+02 1.317823148148148448e+03
2.830000000000000000e+02 1.316410925925925994e+03
2.835000000000000000e+02 1.316549074074074042e+03
2.840000000000000000e+02 1.316755185185185383e+03
2.845000000000000000e+02 1.316467777777778110e+03
2.850000000000000000e+02 1.317388333333333549e+03
2.855000000000000000e+02 1.318053703703703832e+03
2.860000000000000000e+02 1.314895555555555575e+03
2.865000000000000000e+02 1.316430000000000291e+03
2.870000000000000000e+02 1.315942777777778019e+03
2.875000000000000000e+02 1.316261666666666770e+03
2.880000000000000000e+02 1.313610370370370902e+03
2.885000000000000000e+02 1.315330370370370474e+03
2.890000000000000000e+02 1.314644444444444616e+03
2.895000000000000000e+02 1.312353518518518513e+03
2.900000000000000000e+02 1.312182222222222435e+03
2.905000000000000000e+02 1.317745370370370438e+03
2.910000000000000000e+02 1.316109444444444762e+03
2.915000000000000000e+02 1.318632407407407527e+03
2.920000000000000000e+02 1.313759074074074306e+03
2.925000000000000000e+02 1.316663888888889005e+03
2.930000000000000000e+02 1.315390185185185373e+03
2.935000000000000000e+02 1.317797407407407491e+03
2.940000000000000000e+02 1.318644074074074297e+03
2.945000000000000000e+02 1.317583333333333712e+03
2.950000000000000000e+02 1.319023703703704086e+03
2.955000000000000000e+02 1.318719814814814981e+03
2.960000000000000000e+02 1.318538703703703959e+03
2.965000000000000000e+02 1.320423703703703950e+03
2.970000000000000000e+02 1.319916481481481696e+03
2.975000000000000000e+02 1.319839814814815099e+03
2.980000000000000000e+02 1.321662222222222454e+03
2.985000000000000000e+02 1.322685370370370492e+03
2.990000000000000000e+02 1.320884629629629671e+03
2.995000000000000000e+02 1.323614814814814963e+03
3.000000000000000000e+02 1.322105740740740885e+03
3.005000000000000000e+02 1.324911296296296314e+03
3.010000000000000000e+02 1.323920555555555666e+03
3.015000000000000000e+02 1.323875925925925912e+03
3.020000000000000000e+02 1.325852037037037007e+03
3.025000000000000000e+02 1.323314259259259188e+03
3.030000000000000000e+02 1.318740740740740648e+03
3.035000000000000000e+02 1.318207407407407118e+03
3.040000000000000000e+02 1.320550185185185683e+03
3.045000000000000000e+02 1.321789074074074506e+03
3.050000000000000000e+02 1.319197037037037262e+03
3.055000000000000000e+02 1.317610740740740766e+03
3.060000000000000000e+02 1.322834629629629490e+03
3.065000000000000000e+02 1.318631481481481615e+03
3.070000000000000000e+02 1.318471296296296487e+03
3.075000000000000000e+02 1.317458148148148439e+03
3.080000000000000000e+02 1.319188703703703823e+03
3.085000000000000000e+02 1.318534814814815036e+03
3.090000000000000000e+02 1.315586296296296496e+03
3.095000000000000000e+02 1.316409074074073942e+03
3.100000000000000000e+02 1.311698333333333494e+03
3.105000000000000000e+02 1.317401666666666870e+03
3.110000000000000000e+02 1.313759074074074078e+03
3.115000000000000000e+02 1.312838888888888960e+03
3.120000000000000000e+02 1.315758148148148393e+03
3.125000000000000000e+02 1.311978333333333694e+03
3.130000000000000000e+02 1.312130740740740748e+03
3.135000000000000000e+02 1.312112777777778092e+03
3.140000000000000000e+02 1.315339444444444553e+03
3.145000000000000000e+02 1.313694814814814890e+03
3.150000000000000000e+02 1.311516296296296559e+03
3.155000000000000000e+02 1.313345185185185301e+03
3.160000000000000000e+02 1.312957407407407572e+03
3.165000000000000000e+02 1.312187592592592637e+03
3.170000000000000000e+02 1.313446481481481669e+03
3.175000000000000000e+02 1.313935000000000173e+03
3.180000000000000000e+02 1.316148518518518586e+03
3.185000000000000000e+02 1.315470185185185301e+03
3.190000000000000000e+02 1.316067962962963065e+03
3.195000000000000000e+02 1.317067777777777792e+03
3.200000000000000000e+02 1.315494999999999891e+03
3.205000000000000000e+02 1.315482222222222390e+03
3.210000000000000000e+02 1.316681851851851889e+03
3.215000000000000000e+02 1.316498148148148402e+03
3.220000000000000000e+02 1.313035925925925994e+03
3.225000000000000000e+02 1.317451481481481551e+03
3.230000000000000000e+02 1.318170185185185119e+03
3.235000000000000000e+02 1.318162407407407500e+03
3.240000000000000000e+02 1.315317037037037153e+03
3.245000000000000000e+02 1.315044814814814799e+03
3.250000000000000000e+02 1.314945740740740803e+03
3.255000000000000000e+02 1.315785555555555675e+03
3.260000000000000000e+02 1.314180740740740930e+03
3.265000000000000000e+02 1.312949629629629499e+03
3.270000000000000000e+02 1.314264814814815054e+03
3.275000000000000000e+02 1.312828148148148330e+03
3.280000000000000000e+02 1.312769074074074297e+03
3.285000000000000000e+02 1.313313518518518777e+03
3.290000000000000000e+02 1.316923703703703950e+03
3.295000000000000000e+02 1.314746111111111304e+03
3.300000000000000000e+02 1.315430000000000064e+03
3.305000000000000000e+02 1.316123703703703768e+03
3.310000000000000000e+02 1.314325555555556093e+03
3.315000000000000000e+02 1.317336111111111222e+03
3.320000000000000000e+02 1.319165925925926103e+03
3.325000000000000000e+02 1.319490185185185283e+03
3.330000000000000000e+02 1.320147407407407627e+03
3.335000000000000000e+02 1.319920185185185119e+03
3.340000000000000000e+02 1.318216851851851970e+03
3.345000000000000000e+02 1.318177962962963193e+03
3.350000000000000000e+02 1.316850370370370456e+03
3.355000000000000000e+02 1.318032037037037298e+03
3.360000000000000000e+02 1.316180740740740930e+03
3.365000000000000000e+02 1.316453148148148330e+03
3.370000000000000000e+02 1.317221111111111213e+03
3.375000000000000000e+02 1.317448518518518313e+03
3.380000000000000000e+02 1.319092962962963156e+03
3.385000000000000000e+02 1.318411296296296314e+03
3.390000000000000000e+02 1.317533518518518804e+03
3.395000000000000000e+02 1.318713888888888960e+03
3.400000000000000000e+02 1.320398888888889132e+03
3.405000000000000000e+02 1.322100925925926049e+03
3.410000000000000000e+02 1.320851666666666688e+03
3.415000000000000000e+02 1.321423888888888996e+03
3.420000000000000000e+02 1.321471296296296714e+03
3.425000000000000000e+02 1.319401481481481596e+03
3.430000000000000000e+02 1.320278148148147920e+03
3.435000000000000000e+02 1.317850185185185182e+03
3.440000000000000000e+02 1.320377777777777965e+03
3.445000000000000000e+02 1.318865925925925922e+03
3.450000000000000000e+02 1.318248888888889041e+03
3.455000000000000000e+02 1.318560555555555766e+03
3.460000000000000000e+02 1.317351296296296368e+03
3.465000000000000000e+02 1.317785000000000082e+03
3.470000000000000000e+02 1.316803333333333512e+03
3.475000000000000000e+02 1.314468703703703795e+03
3.480000000000000000e+02 1.314898888888888905e+03
3.485000000000000000e+02 1.314756666666666888e+03
3.490000000000000000e+02 1.314872407407407536e+03
3.495000000000000000e+02 1.316961296296296496e+03
3.500000000000000000e+02 1.318484444444444307e+03
3.505000000000000000e+02 1.318932222222222208e+03
3.510000000000000000e+02 1.313457592592592619e+03
3.515000000000000000e+02 1.313946296296296396e+03
3.520000000000000000e+02 1.313546851851851898e+03
3.525000000000000000e+02 1.315867592592592700e+03
3.530000000000000000e+02 1.316360740740740994e+03
3.535000000000000000e+02 1.316055555555555657e+03
3.540000000000000000e+02 1.314903888888889014e+03
3.545000000000000000e+02 1.314055740740740930e+03
3.550000000000000000e+02 1.314594444444444434e+03
3.555000000000000000e+02 1.316130740740740748e+03
3.560000000000000000e+02 1.314195740740740803e+03
3.565000000000000000e+02 1.314637037037037089e+03
3.570000000000000000e+02 1.313339999999999918e+03
3.575000000000000000e+02 1.312821666666666715e+03
3.580000000000000000e+02 1.313773148148148493e+03
3.585000000000000000e+02 1.317284259259259443e+03
3.590000000000000000e+02 1.316556666666666843e+03
3.595000000000000000e+02 1.315267592592592791e+03
3.600000000000000000e+02 1.316171111111111259e+03
3.605000000000000000e+02 1.314853703703704014e+03
3.610000000000000000e+02 1.315360740740740994e+03
3.615000000000000000e+02 1.314651851851851916e+03
3.620000000000000000e+02 1.314031481481481705e+03
3.625000000000000000e+02 1.318103888888889060e+03
3.630000000000000000e+02 1.320863518518518731e+03
3.635000000000000000e+02 1.320624629629629680e+03
3.640000000000000000e+02 1.319555000000000064e+03
3.645000000000000000e+02 1.316504259259259243e+03
3.650000000000000000e+02 1.318929444444444471e+03
3.655000000000000000e+02 1.323062777777777910e+03
3.660000000000000000e+02 1.320835370370370583e+03
3.665000000000000000e+02 1.320716296296296377e+03
3.670000000000000000e+02 1.321755555555555702e+03
3.675000000000000000e+02 1.322166111111111377e+03
3.680000000000000000e+02 1.323300925925926094e+03
3.685000000000000000e+02 1.322408888888889123e+03
3.690000000000000000e+02 1.323280740740740839e+03
3.695000000000000000e+02 1.322534814814815036e+03
3.700000000000000000e+02 1.320272407407407627e+03
3.705000000000000000e+02 1.319662222222222454e+03
3.710000000000000000e+02 1.325393148148148157e+03
3.715000000000000000e+02 1.321443518518518886e+03
3.720000000000000000e+02 1.329427777777777919e+03
3.725000000000000000e+02 1.326475555555555957e+03
3.730000000000000000e+02 1.325123888888889041e+03
3.735000000000000000e+02 1.326973518518518631e+03
3.740000000000000000e+02 1.326127222222222372e+03
3.745000000000000000e+02 1.325963148148148321e+03
3.750000000000000000e+02 1.328691296296296287e+03
3.755000000000000000e+02 1.328855000000000018e+03
3.760000000000000000e+02 1.333573148148148448e+03
3.765000000000000000e+02 1.337360555555555493e+03
3.770000000000000000e+02 1.341983333333333576e+03
3.775000000000000000e+02 1.341622962962962902e+03
3.780000000000000000e+02 1.339418518518518795e+03
3.785000000000000000e+02 1.341458703703703804e+03
3.790000000000000000e+02 1.344693888888888978e+03
3.795000000000000000e+02 1.344979444444444880e+03
3.800000000000000000e+02 1.347643148148148157e+03
3.805000000000000000e+02 1.346822407407407582e+03
3.810000000000000000e+02 1.349488333333333230e+03
3.815000000000000000e+02 1.351574629629629499e+03
3.820000000000000000e+02 1.352333518518518304e+03
3.825000000000000000e+02 1.351373888888889041e+03
3.830000000000000000e+02 1.355094444444444434e+03
3.835000000000000000e+02 1.358938148148148230e+03
3.840000000000000000e+02 1.360690370370370601e+03
3.845000000000000000e+02 1.360239814814814963e+03
3.850000000000000000e+02 1.362331296296296387e+03
3.855000000000000000e+02 1.361757037037037207e+03
3.860000000000000000e+02 1.366293518518518795e+03
3.865000000000000000e+02 1.366966851851851970e+03
3.870000000000000000e+02 1.369420740740740712e+03
3.875000000000000000e+02 1.373249074074074315e+03
3.880000000000000000e+02 1.370937407407407591e+03
3.885000000000000000e+02 1.374905740740741066e+03
3.890000000000000000e+02 1.375491666666666788e+03
3.895000000000000000e+02 1.376085370370370811e+03
3.900000000000000000e+02 1.378107407407407663e+03
3.905000000000000000e+02 1.379538333333333412e+03
3.910000000000000000e+02 1.380419814814815027e+03
3.915000000000000000e+02 1.383467592592592609e+03
3.920000000000000000e+02 1.384481111111111204e+03
3.925000000000000000e+02 1.387103703703703786e+03
3.930000000000000000e+02 1.385551481481481687e+03
3.935000000000000000e+02 1.386607407407407663e+03
3.940000000000000000e+02 1.386335555555555629e+03
3.945000000000000000e+02 1.389799074074074497e+03
3.950000000000000000e+02 1.388224444444444316e+03
3.955000000000000000e+02 1.391416481481481696e+03
3.960000000000000000e+02 1.394137222222222363e+03
3.965000000000000000e+02 1.396125370370370320e+03
3.970000000000000000e+02 1.396603888888889060e+03
3.975000000000000000e+02 1.396917407407407381e+03
3.980000000000000000e+02 1.399017407407407518e+03
3.985000000000000000e+02 1.400509259259259579e+03
3.990000000000000000e+02 1.406457222222222299e+03
3.995000000000000000e+02 1.404481481481481524e+03
4.000000000000000000e+02 1.406233148148148302e+03
4.005000000000000000e+02 1.406393333333333658e+03
4.010000000000000000e+02 1.411894629629629890e+03
4.015000000000000000e+02 1.407505555555555702e+03
4.020000000000000000e+02 1.411915740740741057e+03
4.025000000000000000e+02 1.413934259259259306e+03
4.030000000000000000e+02 1.415190925925926194e+03
4.035000000000000000e+02 1.413312592592592637e+03
4.040000000000000000e+02 1.415387407407407409e+03
4.045000000000000000e+02 1.419313333333333503e+03
4.050000000000000000e+02 1.419258148148148393e+03
4.055000000000000000e+02 1.417043148148148248e+03
4.060000000000000000e+02 1.423093703703703795e+03
4.065000000000000000e+02 1.422095740740740894e+03
4.070000000000000000e+02 1.420355925925925931e+03
4.075000000000000000e+02 1.422341481481481651e+03
4.080000000000000000e+02 1.424337037037037135e+03
4.085000000000000000e+02 1.421500925925925912e+03
4.090000000000000000e+02 1.425169814814814799e+03
4.095000000000000000e+02 1.425871111111111304e+03
4.100000000000000000e+02 1.424966481481481651e+03
4.105000000000000000e+02 1.426547222222222217e+03
4.110000000000000000e+02 1.426719074074073887e+03
4.115000000000000000e+02 1.424382407407407527e+03
4.120000000000000000e+02 1.427137962962963002e+03
4.125000000000000000e+02 1.425055370370370611e+03
4.130000000000000000e+02 1.428054629629629972e+03
4.135000000000000000e+02 1.427647777777778174e+03
4.140000000000000000e+02 1.425595370370370574e+03
4.145000000000000000e+02 1.428178703703703832e+03
4.150000000000000000e+02 1.429488148148148184e+03
4.155000000000000000e+02 1.428434444444444580e+03
4.160000000000000000e+02 1.430602407407407100e+03
4.165000000000000000e+02 1.429545000000000073e+03
4.170000000000000000e+02 1.427621296296296578e+03
4.175000000000000000e+02 1.430584629629629944e+03
4.180000000000000000e+02 1.431488148148148184e+03
4.185000000000000000e+02 1.429068333333333385e+03
4.190000000000000000e+02 1.428709814814814990e+03
4.195000000000000000e+02 1.429190185185185555e+03
4.200000000000000000e+02 1.430057037037037389e+03
4.205000000000000000e+02 1.429066296296296287e+03
4.210000000000000000e+02 1.427866666666666788e+03
4.215000000000000000e+02 1.430852777777777646e+03
4.220000000000000000e+02 1.428294444444444480e+03
4.225000000000000000e+02 1.429965555555555511e+03
4.230000000000000000e+02 1.427934259259259306e+03
4.235000000000000000e+02 1.425872777777778083e+03
4.240000000000000000e+02 1.428967037037037244e+03
4.245000000000000000e+02 1.430263703703704095e+03
4.250000000000000000e+02 1.430077592592592737e+03
4.255000000000000000e+02 1.426439814814815009e+03
4.260000000000000000e+02 1.426085370370370583e+03
4.265000000000000000e+02 1.426946296296296396e+03
4.270000000000000000e+02 1.427543703703704068e+03
4.275000000000000000e+02 1.428564444444444462e+03
4.280000000000000000e+02 1.429704814814814881e+03
4.285000000000000000e+02 1.430287222222222454e+03
4.290000000000000000e+02 1.428780370370370747e+03
4.295000000000000000e+02 1.427957222222222299e+03
4.300000000000000000e+02 1.432042592592592882e+03
4.305000000000000000e+02 1.426462037037037135e+03
4.310000000000000000e+02 1.428978703703703786e+03
4.315000000000000000e+02 1.428989074074074324e+03
4.320000000000000000e+02 1.427281851851852025e+03
4.325000000000000000e+02 1.427860740740740766e+03
4.330000000000000000e+02 1.428519444444444389e+03
4.335000000000000000e+02 1.431463518518518640e+03
4.340000000000000000e+02 1.433025555555555684e+03
4.345000000000000000e+02 1.426513703703704095e+03
4.350000000000000000e+02 1.428344259259259388e+03
4.355000000000000000e+02 1.429601296296295914e+03
4.360000000000000000e+02 1.431413333333333412e+03
4.365000000000000000e+02 1.429967222222222290e+03
4.370000000000000000e+02 1.429260925925925903e+03
4.375000000000000000e+02 1.430555925925926203e+03
4.380000000000000000e+02 1.429579629629629608e+03
4.385000000000000000e+02 1.428142777777777837e+03
4.390000000000000000e+02 1.429065555555555648e+03
4.395000000000000000e+02 1.430708703703703804e+03
4.400000000000000000e+02 1.429023333333333539e+03
4.405000000000000000e+02 1.425426666666666733e+03
4.410000000000000000e+02 1.428155925925926113e+03
4.415000000000000000e+02 1.429476111111111095e+03
4.420000000000000000e+02 1.429231296296296478e+03
4.425000000000000000e+02 1.429924999999999955e+03
4.430000000000000000e+02 1.430134444444444625e+03
4.435000000000000000e+02 1.431571481481481669e+03
4.440000000000000000e+02 1.428278888888889014e+03
4.445000000000000000e+02 1.429623148148148402e+03
4.450000000000000000e+02 1.429385370370370310e+03
4.455000000000000000e+02 1.428410000000000309e+03
4.460000000000000000e+02 1.425273148148148493e+03
4.465000000000000000e+02 1.428588518518518640e+03
4.470000000000000000e+02 1.427060185185185446e+03
4.475000000000000000e+02 1.427984444444444762e+03
4.480000000000000000e+02 1.430601851851851961e+03
4.485000000000000000e+02 1.429464814814815099e+03
4.490000000000000000e+02 1.428822777777777901e+03
4.495000000000000000e+02 1.430444074074074479e+03
4.500000000000000000e+02 1.428655740740740839e+03
4.505000000000000000e+02 1.431067407407407700e+03
4.510000000000000000e+02 1.430085740740740903e+03
4.515000000000000000e+02 1.427096296296296487e+03
4.520000000000000000e+02 1.429313703703703823e+03
4.525000000000000000e+02 1.429272407407407400e+03
4.530000000000000000e+02 1.428206111111111113e+03
4.535000000000000000e+02 1.429651666666666870e+03
4.540000000000000000e+02 1.429316666666667061e+03
4.545000000000000000e+02 1.429628888888888923e+03
4.550000000000000000e+02 1.429147407407407627e+03
4.555000000000000000e+02 1.430657407407407391e+03
4.560000000000000000e+02 1.430171851851851898e+03
4.565000000000000000e+02 1.431244999999999891e+03
4.570000000000000000e+02 1.432766851851851925e+03
4.575000000000000000e+02 1.429973333333333358e+03
4.580000000000000000e+02 1.428315740740740694e+03
4.585000000000000000e+02 1.428046296296296305e+03
4.590000000000000000e+02 1.428525000000000318e+03
4.595000000000000000e+02 1.430239814814814963e+03
4.600000000000000000e+02 1.430525000000000091e+03
4.605000000000000000e+02 1.429622037037037217e+03
4.610000000000000000e+02 1.429525185185185364e+03
4.615000000000000000e+02 1.427383518518518713e+03
4.620000000000000000e+02 1.428494074074074206e+03
4.625000000000000000e+02 1.429647222222222354e+03
4.630000000000000000e+02 1.429300370370370501e+03
4.635000000000000000e+02 1.429716481481481651e+03
4.640000000000000000e+02 1.424933703703703941e+03
4.645000000000000000e+02 1.428582037037037253e+03
4.650000000000000000e+02 1.428846111111111213e+03
4.655000000000000000e+02 1.430538703703703959e+03
4.660000000000000000e+02 1.427970000000000482e+03
4.665000000000000000e+02 1.430897037037037080e+03
4.670000000000000000e+02 1.430635185185185264e+03
4.675000000000000000e+02 1.431897037037037080e+03
4.680000000000000000e+02 1.430429074074074151e+03
4.685000000000000000e+02 1.428753148148148512e+03
4.690000000000000000e+02 1.431085185185185310e+03
4.695000000000000000e+02 1.428312592592592637e+03
4.700000000000000000e+02 1.429603888888889060e+03
4.705000000000000000e+02 1.428957592592592846e+03
4.710000000000000000e+02 1.431959629629629490e+03
4.715000000000000000e+02 1.430538333333333640e+03
4.720000000000000000e+02 1.426779444444444607e+03
4.725000000000000000e+02 1.427172777777778037e+03
4.730000000000000000e+02 1.429378703703704105e+03
4.735000000000000000e+02 1.431103333333333694e+03
4.740000000000000000e+02 1.428732222222222390e+03
4.745000000000000000e+02 1.429002592592592919e+03
4.750000000000000000e+02 1.432018518518518704e+03
4.755000000000000000e+02 1.428519074074074297e+03
4.760000000000000000e+02 1.430039074074074506e+03
4.765000000000000000e+02 1.429775740740740957e+03
4.770000000000000000e+02 1.429662592592592773e+03
4.775000000000000000e+02 1.428249259259259361e+03
4.780000000000000000e+02 1.430871296296296578e+03
4.785000000000000000e+02 1.429611851851851952e+03
4.790000000000000000e+02 1.429428333333333512e+03
4.795000000000000000e+02 1.427408518518518804e+03
4.800000000000000000e+02 1.429091296296296377e+03
4.805000000000000000e+02 1.430511296296296450e+03
4.810000000000000000e+02 1.427717962962963156e+03
4.815000000000000000e+02 1.431194259259259297e+03
4.820000000000000000e+02 1.432134074074074306e+03
4.825000000000000000e+02 1.432414629629630099e+03
4.830000000000000000e+02 1.430229444444444880e+03
4.835000000000000000e+02 1.428343703703703795e+03
4.840000000000000000e+02 1.428997037037037217e+03
4.845000000000000000e+02 1.429874814814814954e+03
4.850000000000000000e+02 1.430465555555555511e+03
4.855000000000000000e+02 1.432577777777778010e+03
4.860000000000000000e+02 1.429277222222222463e+03
4.865000000000000000e+02 1.430574074074074360e+03
4.870000000000000000e+02 1.431812407407407591e+03
4.875000000000000000e+02 1.427208703703704032e+03
4.880000000000000000e+02 1.429175555555555775e+03
4.885000000000000000e+02 1.427655000000000200e+03
4.890000000000000000e+02 1.426981666666666797e+03
4.895000000000000000e+02 1.429844814814814981e+03
4.900000000000000000e+02 1.430067592592592746e+03
4.905000000000000000e+02 1.428753148148148512e+03
4.910000000000000000e+02 1.431748518518518495e+03
4.915000000000000000e+02 1.428391481481481605e+03
4.920000000000000000e+02 1.426116296296296468e+03
4.925000000000000000e+02 1.431049074074074497e+03
4.930000000000000000e+02 1.428626481481481505e+03
4.935000000000000000e+02 1.428150555555555684e+03
4.940000000000000000e+02 1.426839999999999918e+03
4.945000000000000000e+02 1.430835740740740903e+03
4.950000000000000000e+02 1.428441481481481560e+03
4.955000000000000000e+02 1.426975740740741003e+03
4.960000000000000000e+02 1.431482777777777756e+03
4.965000000000000000e+02 1.430132222222222481e+03
4.970000000000000000e+02 1.430633518518518713e+03
4.975000000000000000e+02 1.428807962962963074e+03
4.980000000000000000e+02 1.428276111111111504e+03
4.985000000000000000e+02 1.425828333333333376e+03
4.990000000000000000e+02 1.428363148148148412e+03
4.995000000000000000e+02 1.428758148148148166e+03
5.000000000000000000e+02 1.429660555555555675e+03
5.005000000000000000e+02 1.428036296296296314e+03
5.010000000000000000e+02 1.426856111111111204e+03
5.015000000000000000e+02 1.425205185185185428e+03
5.020000000000000000e+02 1.427913888888889005e+03
5.025000000000000000e+02 1.431168518518518567e+03
5.030000000000000000e+02 1.429137592592592910e+03
5.035000000000000000e+02 1.429909629629629535e+03
5.040000000000000000e+02 1.427948703703703814e+03
5.045000000000000000e+02 1.429375000000000000e+03
5.050000000000000000e+02 1.428030370370370292e+03
5.055000000000000000e+02 1.430182962962963074e+03
5.060000000000000000e+02 1.430704444444444562e+03
5.065000000000000000e+02 1.428893333333333430e+03
5.070000000000000000e+02 1.425050925925926094e+03
5.075000000000000000e+02 1.427804259259259425e+03
5.080000000000000000e+02 1.430870740740740757e+03
5.085000000000000000e+02 1.431140925925926012e+03
5.090000000000000000e+02 1.429577037037037144e+03
5.095000000000000000e+02 1.431092037037037699e+03
5.100000000000000000e+02 1.428295185185185119e+03
5.105000000000000000e+02 1.429004444444444744e+03
5.110000000000000000e+02 1.430326296296296505e+03
5.115000000000000000e+02 1.429243703703704114e+03
5.120000000000000000e+02 1.427252962962963011e+03
5.125000000000000000e+02 1.429154999999999973e+03
5.130000000000000000e+02 1.429773148148148493e+03
5.135000000000000000e+02 1.429352962962962920e+03
5.140000000000000000e+02 1.430255370370370883e+03
5.145000000000000000e+02 1.428792777777777928e+03
5.150000000000000000e+02 1.427158703703703850e+03
5.155000000000000000e+02 1.427096851851852080e+03
5.160000000000000000e+02 1.427337777777778001e+03
5.165000000000000000e+02 1.427043518518518567e+03
5.170000000000000000e+02 1.428786851851851907e+03
5.175000000000000000e+02 1.430399629629629771e+03
5.180000000000000000e+02 1.430060370370370492e+03
5.185000000000000000e+02 1.426126481481481505e+03
5.190000000000000000e+02 1.432474814814814863e+03
5.195000000000000000e+02 1.430042962962963202e+03
5.200000000000000000e+02 1.428363518518518731e+03
5.205000000000000000e+02 1.425627777777777965e+03
5.210000000000000000e+02 1.428975925925926504e+03
5.215000000000000000e+02 1.428867037037037107e+03
5.220000000000000000e+02 1.428265185185185373e+03
5.225000000000000000e+02 1.430293703703703841e+03
5.230000000000000000e+02 1.431225370370370456e+03
5.235000000000000000e+02 1.426485370370370447e+03
5.240000000000000000e+02 1.429003703703704105e+03
5.245000000000000000e+02 1.430022777777777947e+03
5.250000000000000000e+02 1.426333333333333712e+03
5.255000000000000000e+02 1.429294259259259434e+03
5.260000000000000000e+02 1.429656296296296887e+03
5.265000000000000000e+02 1.431537592592592773e+03
5.270000000000000000e+02 1.430067037037037153e+03
5.275000000000000000e+02 1.427808518518518895e+03
5.280000000000000000e+02 1.427607592592592709e+03
5.285000000000000000e+02 1.427348333333333585e+03
5.290000000000000000e+02 1.430269259259259115e+03
5.295000000000000000e+02 1.427294074074074388e+03
5.300000000000000000e+02 1.429296481481481578e+03
5.305000000000000000e+02 1.429884814814814945e+03
5.310000000000000000e+02 1.431068333333333385e+03
5.315000000000000000e+02 1.428957222222222299e+03
5.320000000000000000e+02 1.428557222222222208e+03
5.325000000000000000e+02 1.430089259259259507e+03
5.330000000000000000e+02 1.431972407407407445e+03
5.335000000000000000e+02 1.429874629629629908e+03
5.340000000000000000e+02 1.429209074074074351e+03
5.345000000000000000e+02 1.429035185185185355e+03
5.350000000000000000e+02 1.431519259259259570e+03
5.355000000000000000e+02 1.429899814814815045e+03
5.360000000000000000e+02 1.430425370370370501e+03
5.365000000000000000e+02 1.428445740740740803e+03
5.370000000000000000e+02 1.427978888888889060e+03
5.375000000000000000e+02 1.429992962962963020e+03
5.380000000000000000e+02 1.425955185185185201e+03
5.385000000000000000e+02 1.428101111111111095e+03
5.390000000000000000e+02 1.426706111111111113e+03
5.395000000000000000e+02 1.427876666666666779e+03
5.400000000000000000e+02 1.429763888888889142e+03
5.405000000000000000e+02 1.429283703703703850e+03
5.410000000000000000e+02 1.429653888888889014e+03
5.415000000000000000e+02 1.429965370370370465e+03
5.420000000000000000e+02 1.428760740740741085e+03
5.425000000000000000e+02 1.429517777777777837e+03
5.430000000000000000e+02 1.427230925925925931e+03
5.435000000000000000e+02 1.429780185185185246e+03
5.440000000000000000e+02 1.429026481481481369e+03
5.445000000000000000e+02 1.426802222222222554e+03
5.450000000000000000e+02 1.427911851851851907e+03
5.455000000000000000e+02 1.429368703703704114e+03
5.460000000000000000e+02 1.426986296296296359e+03
5.465000000000000000e+02 1.427605555555555611e+03
5.470000000000000000e+02 1.426678888888888878e+03
5.475000000000000000e+02 1.428570370370370483e+03
5.480000000000000000e+02 1.430442407407407700e+03
5.485000000000000000e+02 1.431693888888889205e+03
5.490000000000000000e+02 1.428317222222222426e+03
5.495000000000000000e+02 1.429265370370370420e+03
5.500000000000000000e+02 1.430376111111111413e+03
5.505000000000000000e+02 1.428826666666666824e+03
5.510000000000000000e+02 1.428223333333333585e+03
5.515000000000000000e+02 1.430079259259259516e+03
5.520000000000000000e+02 1.431889814814815054e+03
5.525000000000000000e+02 1.429763333333333549e+03
5.530000000000000000e+02 1.428955555555555520e+03
5.535000000000000000e+02 1.426453703703703923e+03
5.540000000000000000e+02 1.426977037037037235e+03
5.545000000000000000e+02 1.427206666666666706e+03
5.550000000000000000e+02 1.427922222222222217e+03
5.555000000000000000e+02 1.427830740740740794e+03
5.560000000000000000e+02 1.432828888888888969e+03
5.565000000000000000e+02 1.430390370370370420e+03
5.570000000000000000e+02 1.428139629629629781e+03
5.575000000000000000e+02 1.430591851851851970e+03
5.580000000000000000e+02 1.429449814814814772e+03
5.585000000000000000e+02 1.430667222222222335e+03
5.590000000000000000e+02 1.431249629629629908e+03
5.595000000000000000e+02 1.427830925925926294e+03
5.600000000000000000e+02 1.429292592592592882e+03
5.605000000000000000e+02 1.429004814814814836e+03
5.610000000000000000e+02 1.427425000000000182e+03
5.615000000000000000e+02 1.429133888888889032e+03
5.620000000000000000e+02 1.429366666666666788e+03
5.625000000000000000e+02 1.433055370370370383e+03
5.630000000000000000e+02 1.432787592592592773e+03
5.635000000000000000e+02 1.429678703703703832e+03
5.640000000000000000e+02 1.427729444444444880e+03
5.645000000000000000e+02 1.425864074074074324e+03
5.650000000000000000e+02 1.428540000000000191e+03
5.655000000000000000e+02 1.428947592592592628e+03
5.660000000000000000e+02 1.426088518518518640e+03
5.665000000000000000e+02 1.427196296296296396e+03
5.670000000000000000e+02 1.428661296296296314e+03
5.675000000000000000e+02 1.429496111111111304e+03
5.680000000000000000e+02 1.426657962962962984e+03
5.685000000000000000e+02 1.427158518518518804e+03
5.690000000000000000e+02 1.431216851851851970e+03
5.695000000000000000e+02 1.428838148148148321e+03
5.700000000000000000e+02 1.431097037037037353e+03
5.705000000000000000e+02 1.429945000000000164e+03
5.710000000000000000e+02 1.429385185185185492e+03
5.715000000000000000e+02 1.430041666666666970e+03
5.720000000000000000e+02 1.428747592592592810e+03
5.725000000000000000e+02 1.428012592592592910e+03
5.730000000000000000e+02 1.430944629629629844e+03
5.735000000000000000e+02 1.434181111111111250e+03
5.740000000000000000e+02 1.428819444444444798e+03
5.745000000000000000e+02 1.429688518518518322e+03
5.750000000000000000e+02 1.428766296296296332e+03
5.755000000000000000e+02 1.430311851851851998e+03
5.760000000000000000e+02 1.428539814814815145e+03
5.765000000000000000e+02 1.430472222222222399e+03
5.770000000000000000e+02 1.430195000000000164e+03
5.775000000000000000e+02 1.430075740740740912e+03
5.780000000000000000e+02 1.429007037037037207e+03
5.785000000000000000e+02 1.428739074074074097e+03
5.790000000000000000e+02 1.430265370370370647e+03
5.795000000000000000e+02 1.427532962962963211e+03
5.800000000000000000e+02 1.428497962962963129e+03
5.805000000000000000e+02 1.432419259259259206e+03
5.810000000000000000e+02 1.430493703703704114e+03
5.815000000000000000e+02 1.428558333333333621e+03
5.820000000000000000e+02 1.429625555555555820e+03
5.825000000000000000e+02 1.434526111111111277e+03
5.830000000000000000e+02 1.431598518518518858e+03
5.835000000000000000e+02 1.429260370370370310e+03
5.840000000000000000e+02 1.427609814814815081e+03
5.845000000000000000e+02 1.429814074074073915e+03
5.850000000000000000e+02 1.432762777777777956e+03
5.855000000000000000e+02 1.433739444444444644e+03
5.860000000000000000e+02 1.431522222222222354e+03
5.865000000000000000e+02 1.430920370370370392e+03
5.870000000000000000e+02 1.427312037037037499e+03
5.875000000000000000e+02 1.429349074074074224e+03
5.880000000000000000e+02 1.429003333333333558e+03
5.885000000000000000e+02 1.428659074074074169e+03
5.890000000000000000e+02 1.429708888888889078e+03
5.895000000000000000e+02 1.432157962962963211e+03
5.900000000000000000e+02 1.432812037037037044e+03
5.905000000000000000e+02 1.429468888888889069e+03
5.910000000000000000e+02 1.430019629629629890e+03
5.915000000000000000e+02 1.430303333333333285e+03
5.920000000000000000e+02 1.431259259259259125e+03
5.925000000000000000e+02 1.427722222222222172e+03
5.930000000000000000e+02 1.429990740740740875e+03
5.935000000000000000e+02 1.430618518518518613e+03
5.940000000000000000e+02 1.427111481481481633e+03
5.945000000000000000e+02 1.428394074074074069e+03
5.950000000000000000e+02 1.430849999999999909e+03
5.955000000000000000e+02 1.429723518518518631e+03
5.960000000000000000e+02 1.429204629629629835e+03
5.965000000000000000e+02 1.427705000000000155e+03
5.970000000000000000e+02 1.429784259259259670e+03
5.975000000000000000e+02 1.427271851851852034e+03
5.980000000000000000e+02 1.426465185185185419e+03
5.985000000000000000e+02 1.427211296296296496e+03
5.990000000000000000e+02 1.430829259259259516e+03
5.995000000000000000e+02 1.431497222222222490e+03
6.000000000000000000e+02 1.429119444444444298e+03
6.005000000000000000e+02 1.426847777777777992e+03
6.010000000000000000e+02 1.429410185185185355e+03
6.015000000000000000e+02 1.428105740740740885e+03
6.020000000000000000e+02 1.431845000000000027e+03
6.025000000000000000e+02 1.431619444444444753e+03
6.030000000000000000e+02 1.431388148148148503e+03
6.035000000000000000e+02 1.430772777777777492e+03
6.040000000000000000e+02 1.428303703703704059e+03
6.045000000000000000e+02 1.426447407407407582e+03
6.050000000000000000e+02 1.428234629629629808e+03
6.055000000000000000e+02 1.430757222222222481e+03
6.060000000000000000e+02 1.428487222222222499e+03
6.065000000000000000e+02 1.428639259259259234e+03
6.070000000000000000e+02 1.426775185185185364e+03
6.075000000000000000e+02 1.427200370370370365e+03
6.080000000000000000e+02 1.429305000000000064e+03
6.085000000000000000e+02 1.430801111111111368e+03
6.090000000000000000e+02 1.430410555555555675e+03
6.095000000000000000e+02 1.428828518518518877e+03
6.100000000000000000e+02 1.428782222222222344e+03
6.105000000000000000e+02 1.427557037037037389e+03
6.110000000000000000e+02 1.429148703703704086e+03
6.115000000000000000e+02 1.430753333333333103e+03
6.120000000000000000e+02 1.428401666666666870e+03
6.125000000000000000e+02 1.429227777777778101e+03
6.130000000000000000e+02 1.431248518518518722e+03
6.135000000000000000e+02 1.429654074074074288e+03
6.140000000000000000e+02 1.432572407407407354e+03
6.145000000000000000e+02 1.428113148148148184e+03
6.150000000000000000e+02 1.425114629629629690e+03
6.155000000000000000e+02 1.428842407407407109e+03
6.160000000000000000e+02 1.429575925925926185e+03
6.165000000000000000e+02 1.422051481481481687e+03
